2111111111111110   14585432857422626176452034560000          39.25%         Strongest
1111111111111111    9602076631136562232830922752000 ___10^0  25.84
2211111111111100    8295464937659118637857094656000          22.32
2221111111111000    2253089242327168025096988672000          6.063
3111111111111100     850816916682986526959702016000 ___10^1  2.289     ___10^1 (order of magnitude drop vs strongest bbp.)
3211111111111000     819305179028061100035268608000          2.204
2222111111110000     309112853368056588809038080000          0.831
3221111111110000     274766980771605856719144960000          0.739
3222111111100000      39725346617581569646141440000 ___10^2  0.106
4111111111111000      34137715792835879168136192000          0.091
4211111111110000      27476698077160585671914496000          0.073
2222211111100000      20855806974230324064224256000          0.056
3311111111110000      18317798718107057114609664000          0.049
3321111111100000       9931336654395392411535360000 ___10^3  0.026
4221111111100000       7448502490796544308651520000          0.02
3222211111000000       2482834163598848102883840000          0.006
3322111111000000       1655222775732565401922560000          0.004
4311111111100000       1103481850488376934615040000          0.002
5111111111110000        999152657351294024433254400 ___10^4  0.0026
4222111111000000        827611387866282700961280000          0.002
5211111111100000        662089110293026160769024000          0.00178
2222221111000000        620708540899712025720960000          0.00167
4321111111000000        472920793066447257692160000          0.00127
5221111111000000        141876237919934177307648000          0.000381
3331111111000000        105093509570321612820480000          0.000282
3322211110000000         97366045631327376583680000 ___10^5  0.000262
3222221110000000         58419627378796425950208000          0.000157
4322111110000000         58419627378796425950208000          0.000157
4222211110000000         36512267111747766218880000          0.0000982
3332111110000000         25964278835020633755648000          0.0000698
5311111111000000         23646039653322362884608000          0.0000636
6111111111100000         22069637009767538692300800          0.0000593
4411111111000000         14778774783326476802880000          0.0000397
6211111111000000         11823019826661181442304000          0.0000318
5222111110000000         11683925475759285190041600          0.0000314
5321111110000000          7789283650506190126694400 ___10^6  0.0000209
4331111110000000          6491069708755158438912000          0.0000174
2222222110000000          6259245790585331351808000          0.0000168
4421111110000000          4868302281566368829184000          0.0000131
4322211100000000          2264326642589008757760000          0.00000609
6221111110000000          1947320912626547531673600          0.00000524
3322221100000000          1698244981941756568320000          0.00000457
3332211100000000          1509551095059339171840000          0.00000406
4332111100000000          1132163321294504378880000          0.00000304
5322111100000000           679297992776702627328000 ___10^7  0.00000182
5411111110000000           556377403607585009049600          0.00000149
4222221100000000           509473494582526970496000          0.00000137
4422111100000000           424561245485439142080000          0.00000114
7111111111000000           375333962751148617216000          0.00000101   
6311111110000000           370918269071723339366400          0.000000998
3222222100000000           339648996388351313664000          0.000000914
5222211100000000           339648996388351313664000          0.000000914
7211111110000000           158964972459310002585600          0.000000427
5421111100000000           135859598555340525465600          0.000000365
3333111100000000           125795924588278264320000          0.000000338
4431111100000000           113216332129450437888000          0.000000304
6222111100000000           113216332129450437888000          0.000000304
5331111100000000            90573065703560350310400 ___10^8  0.000000243
6321111100000000            90573065703560350310400          0.000000243
4332211000000000            39040114527396702720000          0.000000105
4322221000000000            19520057263698351360000          0.0000000525
7221111100000000            19408514079334360780800          0.0000000522
3332221000000000            17351162012176312320000          0.0000000466
5322211000000000            15616045810958681088000          0.0000000420
4432111000000000            13013371509132234240000          0.0000000350
5332111000000000            10410697207305787392000          0.0000000280
4422211000000000             9760028631849175680000 ___10^9  0.0000000262
2222222200000000             9097740974687981616000          0.0000000244
3333211000000000             8675581006088156160000          0.0000000233
5422111000000000             7808022905479340544000          0.0000000210
6411111100000000             7547755475296695859200          0.0000000203
4333111000000000             5783720670725437440000          0.0000000155
6322111000000000             5205348603652893696000          0.0000000140
8111111110000000             4967655389353437580800          0.0000000133
5511111100000000             4528653285178017515520          0.0000000121
7311111100000000             4313003128740969062400          0.0000000116
3322222000000000             3904011452739670272000          0.0000000105
5431111000000000             2602674301826446848000          0.0000000070
5222221000000000             2342406871643802163200          0.0000000063
6222211000000000             1952005726369835136000          0.00000000525
8211111100000000             1617376173277863398400          0.00000000435
6421111000000000             1301337150913223424000          0.0000000035
4222222000000000              976002863184917568000 ___10^10 0.00000000262
6331111000000000              867558100608815616000          0.00000000233
5521111000000000              780802290547934054400          0.00000000210
7222111000000000              743621229093270528000          0.00000000200
7321111000000000              743621229093270528000          0.00000000200
4441111000000000              542223812880509760000          0.00000000145
4432210000000000              221818832542026720000          0.000000000596     
4333210000000000              197172295592912640000          0.00000000053
5332210000000000              177455066033621376000          0.000000000477
5432110000000000              177455066033621376000          0.000000000477
4332220000000000              147879221694684480000          0.000000000397
8221111000000000              139428980454988224000          0.000000000375
6511111000000000              104106972073057873920          0.000000000280
5422210000000000               88727533016810688000 ___10^11 0.000000000238
7411111000000000               74362122909327052800          0.000000000200
4433110000000000               73939610847342240000          0.000000000198
6322210000000000               59151688677873792000          0.000000000159
6332110000000000               59151688677873792000          0.000000000159
9111111100000000               51345275342154393600          0.000000000138
3333220000000000               49293073898228160000          0.000000000132
5322220000000000               44363766508405344000          0.000000000119
6422110000000000               44363766508405344000          0.000000000119
5333110000000000               39434459118582528000          0.000000000106
8311111000000000               37181061454663526400          0.000000000100
4442110000000000               36969805423671120000          0.0000000000994
4422220000000000               27727354067753340000          0.0000000000746
5522110000000000               26618259905043206400          0.0000000000716
7322110000000000               25350723719088768000          0.0000000000682
6431110000000000               19717229559291264000          0.0000000000530
5441110000000000               14787922169468448000          0.0000000000397
3333310000000000               13144819706194176000          0.0000000000353
9211111000000000               12393687151554508800          0.0000000000333
5531110000000000               11830337735574758400          0.0000000000318
6521110000000000               11830337735574758400          0.0000000000318
7421110000000000                8450241239696256000 ___10^12 0.0000000000227
7222210000000000                6337680929772192000          0.0000000000170
7331110000000000                5633494159797504000          0.0000000000151
6222220000000000                4436376650840534400          0.0000000000119
8321110000000000                4225120619848128000          0.0000000000113
8222110000000000                3168840464886096000          0.00000000000852
5432200000000000                 996938573222592000 ___10^13 0.00000000000268
7511110000000000                 845024123969625600          0.00000000000227
4433200000000000                 830782144352160000          0.00000000000223
9221110000000000                 704186769974688000          0.00000000000189
5433100000000000                 664625715481728000          0.00000000000178
6432100000000000                 664625715481728000          0.00000000000178
8411110000000000                 528140077481016000          0.00000000000142
5442100000000000                 498469286611296000          0.00000000000134
6611110000000000                 492930738982281600          0.00000000000132
5333200000000000                 443083810321152000          0.00000000000119
10_1111110000000                 413122905051816960          0.00000000000111
5532100000000000                 398775429289036800          0.00000000000107
6332200000000000                 332312857740864000          0.000000000000894
4443100000000000                 276927381450720000          0.000000000000745
9311110000000000                 234728923324896000          0.000000000000631
4442200000000000                 207695536088040000          0.000000000000558
6522100000000000                 199387714644518400          0.000000000000536
7332100000000000                 189893061566208000          0.000000000000511
4333300000000000                 184618254300480000          0.000000000000496
6422200000000000                 166156428870432000          0.000000000000447
6333100000000000                 147694603440384000          0.000000000000397
7422100000000000                 142419796174656000          0.000000000000383        
6531100000000000                 132925143096345600          0.000000000000357
5522200000000000                  99693857322259200 ___10^14 0.000000000000268
5541100000000000                  99693857322259200          0.000000000000268
7322200000000000                  94946530783104000          0.000000000000255
7431100000000000                  94946530783104000          0.000000000000255
6441100000000000                  83078214435216000          0.000000000000223
8322100000000000                  71209898087328000          0.000000000000191
10_2111100000000                  70418676997468800          0.000000000000189
7521100000000000                  56967918469862400          0.000000000000153
8421100000000000                  35604949043664000          0.0000000000000958
6621100000000000                  33231285774086400          0.0000000000000894
8331100000000000                  23736632695776000          0.0000000000000638
9321100000000000                  15824421797184000 ___10^15 0.0000000000000425
8222200000000000                   8901237260916000          0.0000000000000239
9222100000000000                   7912210898592000          0.0000000000000212
7611100000000000                   6329768718873600          0.0000000000000170
8511100000000000                   4747326539155200          0.0000000000000127          
9411100000000000                   2637403632864000          0.00000000000000709
11_1111100000000                   2560679163544320          0.00000000000000689
10_2211000000000                   2373663269577600          0.00000000000000638
5443000000000000                   1846182543004800          0.00000000000000496
6532000000000000                   1476946034403840          0.00000000000000397
6433000000000000                   1230788362003200          0.00000000000000331
5542000000000000                   1107709525802880          0.00000000000000298     
7432000000000000                   1054961453145600          0.00000000000000283
10_3111000000000                   1054961453145600          0.00000000000000283
6442000000000000                    923091271502400 ___10^16 0.00000000000000248
5542000000000000                    738473017201920
6541000000000000                    738473017201920
7531000000000000                    421984581258240
7522000000000000                    316488435943680
11_2111000000000                    287716759948800
7441000000000000                    263740363286400
8431000000000000                    263740363286400
8332000000000000                    263740363286400
6631000000000000                    246157672400640
7333000000000000                    234435878476800
7621000000000000                    210992290629120
8422000000000000                    197805272464800
4444000000000000                    192310681563000
6622000000000000                    184618254300480
8521000000000000                    158244217971840
5551000000000000                    147694603440384
9322000000000000                     87913454428800 ___10^17
9421000000000000                     87913454428800
9331000000000000                     58608969619200
10_3210000000000                     35165381771520
8611000000000000                     26374036328640
9511000000000000                     17582690885760
7711000000000000                     15070877902080
12_1111000000000                     11988198331200
10_4110000000000                      8791345442880 ___10^18
10_2220000000000                      8791345442880
11_2210000000000                      4795279332480
11_3110000000000                      3196852888320
7540000000000000                      1159298300160
6550000000000000                       811508810112 ___10^19
12_2110000000000                       799213222080
7630000000000000                       772865533440
6640000000000000                       676257341760
8530000000000000                       579649150080
8440000000000000                       362280718800
9430000000000000                       322027305600
8620000000000000                       289824575040
9520000000000000                       193216383360
7720000000000000                       165614042880
10_4200000000000                        96608191680 ___10^20
8710000000000000                        82807021440
9610000000000000                        64405461120
10_3300000000000                        64405461120
13_1110000000000                        40985293440
10_5100000000000                        38643276672
11_3200000000000                        35130251520
11_4100000000000                        17565125760
12_3100000000000                         5855041920 ___10^21
12_2200000000000                         4391281440
13_2100000000000                         1351163520
9700000000000000                          100008480 ___10^22
14_1100000000000                           96511680 ___10^23
10_6000000000000                           70005936
8800000000000000                           56254770
11_5000000000000                           38185056
12_4000000000000                           15910440
13_3000000000000                            4895520 ___10^24
14_2000000000000                            1049040
15_1000000000000                             139872 ___10^25  
16_0000000000000                                 94 ___10^30      weakest
------------------------------------------------------------
                 ∑=37157429083410091685945089785856 = 94^16

  
